01000100010000101110101111111100111010000011111011010101100000000110111101011101010100101111111111100111111110101101011010100110
11100000000010111000010000010101001110100110011100000010001001000001110001001011100000001010001111010011111111011010010000101000
01100100011100111101010111101000010001111001000110111110100100011011110011001011001101010001101001101100100100110011110110101110
01000000110111101100111111011000011111101001010101111100010110010111110011001010101001010101010111010101001001000101000100101101
01101111101010011101000110010101010110010101111110001111001001010111101110101001011100110111000111011110010011010101000100110011
11101000100100100011100100110001111011111001011001110111011011010011110101110111101000000100011010010110010001101111100011010001
10000110011000111001101101000000010011101000011000100110110101000101001001000011010100000010101110010101101011000101100110000011
11000110011001000111111100000001100100101011101000011001010010100010000110100011111111101111111111100110100000101100100110100011
11100001010110000100100000100000101100001000000110001010000110011110101111100110110110001000000110001111111110000110101011010000
11101011101101010010000001001111111001000110100001110101000111101100010001011001001101000100011111011101101000001001011100010001
10000111100010110001010110110101001111101001000010110111011101000000101101111010110111010100110010111101010100111101001000011110
01110111000000001100100011111010011000111110100011100000011110010111011100100000000001101100011000111100001100101000000011111001
01100010111001000110100001110001011111100110110111000110111110101010101010011010001001111000010010000001100100010101101010010010
01100110100000111100001001111001000101000101110000111010100111101110010100001110111000111001000010000110000001011011111101110101
00110100000100101110001010100011001110101011111011101011010010110000110111100100011101101100011100110000101110000100101111111100
00101000101100010110011101011010010010001011000100000110000101101111001000001000011110100000111101010010010111000101101000001110
00101100101001010110100011001001010100101011110011100001110001101001010111001100010010001111111001001000001110100001101011010100
11011001000110101001011001000001100010111010101010000110100100100001110010000111011001111011010001101100101111000011011100010000
00110011000010000111001001111001011010000101111001101010110110100111111101011011011101111001100101000010010010111101000000000011
10111000011110001001100000011101001001110110111000010011100011011101100110011110110101100111010010111110011000011010101001011011
11101111101000010011101101111011010100001010001011111111100000111111100001110111010000100110100001011110101100011000010000101001
01101111111100101101111011101001101001100001111101111100010011100110011010000110000011110000010111101110001101001111000001000111
10011001111000110000100000001111011001101000010010111011011111011000101100101000101111011010101011000011010011111110000010000000
11011110111000000011100000110000100001001110011111100011111100101011001100101111000000010010010001001011011011000101111111001101
00011000001010111111010110100001101101001110011110100111011010101100100001100001100010101010001011000101100000011101111100111001
00100100100111010101111011010111011100101111111000000011110011011110110010110111100101111101001111101100101001000000110111010100
11011100111001111110101100001010111111010010101011110100010001101100101111110011101011001110000001101101001000000001110011101101
00011011110100101100001110001010110011001011000001100010011000100011001111111110001011010001010001110011111101001101100010100011
00010100000010100101101101000010010011111110111001110010100111100010101101101110010111110100110001011101111101101010011100010010
01011111001101110011001100010100001101000010010001010010011111010001101111001011000101001111111101101001010001100110011111010101
10011111001000101010110111111110011000101101111001101011000010100100001100011110001011000110010110000111010000001011000101001101
11110010010110111110011010111111100011111110100110011011100011000100111011010011111100101000101000001100001010100100010011100010
