01111101001110111110001110111010100011001101111011001111000111100101101101101010001000001111111010010000111111111101000010110100
11011100111110101010100000010111110001000001011111000100111101100101100111011111011110001100011000111001010000101110111001011010
01001100100000001111100001001001000001111110110010101001111101100100100110010001001001111001101010110100000110101111001101000101
01110011100001100100000010011101000111110000110110011000100111110011111000010111010011101011000000110101100010101101101000011101
10010000100000000101000010011011100010100101101001010000011111100110001110011000010001100011101000101100101011110011000000100100
00010110101100000111111100110000101110011101011100101000100111100000100011011111110010010111000011011010101100001101001100011110
00000110011110000010100000111001001010100100101000010100001111011000011000110010010100110100100110111100011111110011100110000100
10001011000010001001100000110010000010001111010011111011101011010001110101000100000011011000101010011111101001011001100001111001
11111111010011001011100100000001000000001000011111111111111110101101000111001111100010000010111110011101010101000000011111000001
11100010100100101000000001100100100100101001101100011110101000100101100101110100001011011011110111101010000011101001100111101110
00010111100011111010110011110101001010101100001010111100100100010100011010110000111001011111000111100111000110101010000001110010
00001111100001110101100110110101010101111111110010110110010010010011101101111011010001000111111100001000011101011111010000011110
11001101111000111110110100000100110110010010000011010000011010101001101011011010000010011100010101000110001000011001101101100101
01011100110000001010011011110100001100001010000111001100100101010111100100000111100100101100110111010101000111010100011100111000
00100000100011101001000100100100000111100000110001000101111110001011101100110001000100000111011100110010101101110001011001100011
11100110000101000110110011100100110010011000100110110110100111010111011001110000100011001111111100000011001110100110110100100111
00101101001010001010011111001000100010011001111111011011010000100100001011000011101000001101000100111001011001111011100100011011
00101101100010000110100110010100111111100011101101001110001111000011100110100011010000100100111011000001110001101011101101000001
00001010100101010010000001110100001010111111010101101110101101101000100101111000001000110100110010101001001000111000010001000001
00000000001111011011000110010100100010000001101101111111100110110001100101100100001111001101101001010111001011010101101101010111
00001100010011010100001111001111100011110010011111100101111010111011100010100101101100101100001100111101101100011001000111111011
01100010111100101110110000101000000100001000010101100110111011100101001000100100000110001100101101000000111101110101001001110001
00000001110010100111110001111110000011111101111001001111101110111011101110111001000110001100001010000010001111000100111001011011
10111111100100101111101011101111010100110111011101010110001111011111110111100000010010110100110110010000000101110010100111010001
11001001110000010001110111010010101110101001111101101101110101010000001100001011001100011011001100000111100011101000000100101110
01001101110001010010100111000111001010010011010100100110110011100000001100010111110010110000010001010010010111110001111001101110
01011011011101011110011111111000111010100010111110111110010010100010011010011101010101011010010110100110011110100101010011001010
10110101110101000101000010010000110110101110100101001111000101010010100110000001110001100111000110010110101101001000000101101100
01100111101111001100110000001000011011111100000100110111101001110111110111010011100000011011001001011111000011010001111011100111
10111001111100010001101000011110101110000100110101000001000001101011011001110111000010111100000100001111101110010010001110100011
11010111000001000010111010000011010111110010101110011000001011001010001010101111110111000100110111101000011100010111101010011101
10101001011010000000011011111101111000010000101011000011001010111110101100001010011011111111010111100101100110101100011110111011
