01101110110011110100110010110010111011111111111011101011010011110010010010101001111000100110100101100010110100000001011101100100
00100011001001001101000110011101100010000101110100010001110100101010000010111000100111111010001011010010001011001100111110110011
01101000010111110000101100001101110100110110000110001010001110110011110001100110001111110010101001100101101001011101011100110001
01011100011011101000001000111100111101111111000000110101111110010101010101110001010000100110011100011101010010101101011110110000
00101011100001011000101010010000000110001101000011011010000101001011000000110110010101111001100111110100010000110011101001010100
11110110110111111010000111011100100100100000000111101100000101101101110001010100101001110101111110101110010110000100100001100100
00000001110010101110100000001110000101010101011010001100111000001011010100101000110101100000110001001111011000101110100011101111
10000101000110100010001010100110100010101101000001011010111010111100110000110000001110001001011010101011100101010111101001000100
11010001011011111010000001110111010100011010011100101011011010101111000000011110001010000110100001001010000001011010101101000001
11011111001001101001000111101111000110110011100001001110110010110100010011110001101100111000001110001001010011111100101010000011
10100010110011111101111001110000001001010111110011101111011011000110001101011110110100110001000101101011000110011101011000111010
00110100100100000001100111110111000000100101101111010111000111101010011011000010001010010010000101010101101000001000000110100000
11110101111011001000101111010101011011101100000111010010010010011110010011011101000111110001001100111100100100011011100100000100
01110111101100101001010100000101110101111101100011111100111110010111001001001101011110111001111110111111000000111111010011111110
11011011111101100101101100001000001010000000010101000111100010111110110110001000101101101011001101111000000101110101101111011011
11010111011000011110111101110011101110110010100111011111011011111000101110001010011000110010111111011010100111100010110101010011
01110011010111000011011011011100111000111110111010000011000110110011100011010101100000100000100011001110010111011010101111100111
00101110111000101010100010000101111011110011100000100100010110000101111101100110100101110101101100010010110100001100101011100000
11111110101101010100110101010100110000100010111111100100101011001110000111101100101001010000010101011000110011010001111010001001
01110111101010101000100001000100001001110101010100000000100101011010000101100001010000110110011110010110110011011000000110011100
10001100000100011011111101100001111011011110000011000101111011011101100110101010000011011111101110111010100010000111101011101110
11001110001010001111010110011000001111000100111001101011100101100001001111001100000111101000000010110011110001010100111110100000
11001101110100000100011111110010010010110001110010011010111001110111100100010001100110011010001001100111000101010011011010011000
00011101001000000100001100011110110011110011111000110010110001101110100101001000110001101111011001100011010100111111010010011101
11101010001011111010000000101000011100010110011100000011101001011011110111010111000000101000100111101001010111111000101001000101
00001011001100000100100101000111101110011011110001100010110010011111011101110111000011001100001001111100010100110000011110010100
01111000010001110100011001110001110010101001111101110111001010101101111010000110101110010010111011000010000101011010111010111111
00010100110000101101011011011001110111111001100011110000110000011000111010111001000000010011110110001010010000011011100011001101
11111100111001011111110101100101100001000001100101101001101011000100110000110001001100100111011001100110101001101110110110011001
11010001110100000010101111000011101011111010000000011000110011000011000100010100010011101011100000000011000011011000010101001110
11111111100100111111010110110101101000110111010110101011100010000000000110110001010110011001010001010110111100011001001010111110
00101101011010101001011000001010001011101010100011011111110010001111101010111111010100000010110010000000101111011111001001110100
