01011111000001100011100001000110111110001111000000110100100011110111011000010111110111011011011111000111011100111000101101011011
11111100110100011100010010011010101011111110011001001110110100000011101010101010111000001011010001000101101100010111110011001100
10011101011001101001000101110011011010010001110011011111011000011110011110100001111000100001001110000100111000001100000111001101
10111011100101001110100101010010100011111001000010110100011100010011100011110000000011010010000000110100001111010010111110110110
01010111010111110001101110000011110010111101011110101110111110011010110100010011111101010011011000111101011011010000111011110010
11101001001001101100101100111101001001001111111001001010100010011000010010001100100111000010011011000011001000010100101000001100
11001010110100001000010111000011000000011110000010101010000101010010010101111001000100101110011111101110000101111110000010001110
00001010111100010000110001110111110000100010111010001101110110101111110111000110001011101000011110000101000011110011001110111110
10111000110010100011011110110111001100011011111110000000001101100011011101111111001011101100100111000100111010011111000101100101
00000100011111000110111001111010001001110100100001010010000001110001010001010010000110010101111001111011111110111000111010000011
01100111101001110000100100100001010111000100001100010110001101001111000101110111111111111001110001111010010000110101111101001010
01111010000001000110101011100011010000111010000001111001111111100001010110011100101000001101101011111110000111000101010100110101
01000101110111011110011110000110011111001101000011011110100101101001110100111010110011111000010001010101011011001000111111101100
01011100111010101000000111101000101111100101000000000000010000001110001001100001001001101101000010000111011010111100101111110010
10001011100011010000100000001111011101101010111010000111010001101100100110100100011100111010100101001011100011001010100111011011
10001011100110001000101110001010000111101110110011010111110011100000000100001011100011110001100100111010010110011111100001001011
11100010000101101111111001100001100001000111000110010001000011101010111000100000011011001011101000001000001001011110011011101000
11000110010110011111011100110000101100001110101011011000001011011010001111010111110111101010000010100100001001100101011100001110
00100110101110001111000110101100100111011111011011010100100110100110110000001011010100001111100000100110010001001110101010011010
11011001011000000110111101100001011000000111100111000110011010011101100100011000100101110010101100001100100001101000111110011101
00100101011010010100100000000100111011001100000100000101011000001001010101100011100101001000001010011001111000001110100010010101
00101010001111100000101011100001111010111001110001010110111010010101011110010110010100000100111001111000001011101010101111000111
11100000000111111100100000101110111101111011111101001010100100000100111000011000011010010101010010110000100010101001000101110110
11001000110100000111100110001001110010001100001100101010011001100111110010010001100000010010000101001011100001001101111100000001
00010010010100011100110000100000001110100001001110100111000000101111100001110000110011110111100000011110101110100100111111011010
11010110110101010011010110011111011000100001110000001101001010010001000111110110101001100000001011001001110010101010010010001111
10010000110010001100000011010011001100010101111011100000011101101010001100110111001011000110001110010000101101101111111100011100
01001010111110111101011000101001001110000010101001010010100000001000110001010110000000100100001100101110001001000101110001101000
00001011011100000110111100011001001101011010101101011011010001101010010010010000000010010000001111100000110001101011011010100110
11100011001111011001011001011101110111011001110010110100101011101000001011011010001111001010000011010000101001001110011001111000
01010001011010101100001111010100000101101110000111111011101101001101100101111010110100111101111101011101001011011000000100110010
01010111010111001000101110100111001100100000010110111010111101100010000001010001000011111000101010000100010000011101000011101101
