01110111100111011000100101101000101110110011011110101010101100000100100010110100000111100101111001111101100000000010111111110111
10100110110011101001011010011110001001110100000101001001100010110100111111000111001111000101110010111001000010110110110000011001
00111010100011101100111010011001110010010110010100010111011011010110111000001000110111100111101010100010100101111001001010010010
10111110010100110010010111001100011000110011000101100101000011101110100101111101011100001100010010111110011001001000010101101111
10110010000001100101011000010101001000001010011111011001110100001001010100100100111110101001001111000000100011110001000111000010
10100110001010000110001011110010001000000000010101101110110111010111101010110000100011110101000001000011000011000001101110110101
00110011110001100000010000000101110000000000100010010111101100010110000001101111110001000101000111110011010101100110100100100001
01010100001101001110010111111001110111010010001011101000011011101010001010101000100001001110111000101110110111010011110010111100
11000101101011111100101001010101010101011110001111100011111110011100100010011010011011000000110110110110111001100101100110100000
10000000111101011001111011111000001001000011010111111111110101000111101111111100111100100111001100101100011111101111010011001011
01110001000110001011100111100111010100100001111100001101001111111010010100010001010001000010000100100010111111100111111001110100
01100001010101110101101101111011111111000011000110000010100101100110101011011111110110110110011010001000111011001101001111011101
10000010000000011100010001101001111001100001110011101011100000010101101000010111010100001101001000001110000001010101100100010110
10011111010011111000110111010110111011111001101111111100111100001110110000011011110111010000100000101101110000000110100010000101
10011110111100011001011111100010111100010001010100010011110010101011000101001101101001010111110010110011111101101101010001100111
11010100100001010111011010010001000101011100010010011010000011011011000000010110111011011111010100011111000110110011010001001011
10011101110100111000101110001001101011011101100111010011011010100100111000100101110001110000010110100100111111000101010111100111
01101101101011111011001010010100011011101000001101111111000110110001110010010001101110100101100111100010000100001101111011000010
11001100011010110001101010111101000010111101011011111011010110110010101000000000101011001100010000011001010110101000100010111001
00110101001001000111110001010100100100111110110000010101011111111110110110010111011011111101101100000001110101111001001000011011
10011010100001010011100101000101101101100011010001100101001111100110011010010001010000011011011110100101011011110001011100001000
01000100011001111100001111100000111110001111010101100101101101111000100010011111100110110110000011111011111011111101001110111001
01010110000011011011001010000100111101010100100001001110010101010100010001010110110111101100100000000011111001101010101100110001
10110100110001000011011101100110000101110011111000110010001101001110001000011100011111011101110011110101001010011001110110111101
11111000111010110000001011111000101111000001011101101110110010000000100010010110100110010001000111010101001011001110100110000101
11001111010000101011111010100010110011111101100010011110101011100010111010111001001101100100111100111100110000100011001101010010
11100010000101111000101000101110011111000110011101110101101010100101011110111110100110001001010101101011111110011101011111010011
10001000100111000101100011010001100101010101111011010111111001100111111011000010010011111110010101010100100000110101000011101100
01101010111000101001100110100010011101100001010011100110110100011110011110101110100100010011000011010110000110110010011010011000
10101010000111110111100001100110000111011000000111111000110000011101010011111011010110111100110010000101101100011110100001010001
00001100111010110101011000011111101101110010111011111010101100100111110101101000111111011110000010011011010010011110110000110000
10101111010110011010001100001010111110010000000100011011010101001001001010110100100100100100100110010001001110010000110100110000
